T              E             E2              M             M2          Abs_M             CV            Chi
------------------------------------
2.15       -1.61044          25940       0.837024        7009.31       0.837024        1.04692       0.690903
2.151       -1.60952        25910.7       0.835272        6980.81       0.835272        1.11068        0.85788
2.152       -1.60859          25881       0.836165        6995.21       0.836165        1.14179       0.739793
2.153       -1.60645        25812.1       0.833372         6949.5       0.833372        1.13512        0.93566
2.154       -1.60404        25735.1       0.831392        6916.34       0.831392        1.21576       0.895622
2.155       -1.60329        25710.9       0.830478        6901.22       0.830478        1.17045       0.909627
2.156       -1.60455        25751.1       0.833234        6946.44       0.833234        1.13587       0.772207
2.157       -1.60118        25643.4       0.828086        6862.23       0.828086          1.172        1.03692
2.158       -1.60125        25645.3       0.830667        6903.97       0.830667        1.15794        0.82619
2.159       -1.59858        25559.9        0.82794        6859.42        0.82794        1.15777        0.96394
2.16       -1.59864        25562.4       0.826847         6843.1       0.826847        1.21354        1.29616
2.161       -1.59739        25521.8       0.827666        6854.17       0.827666        1.14399       0.823889
2.162       -1.59657        25495.9       0.827282         6848.1       0.827282        1.19422       0.883155
2.163       -1.59464        25434.6       0.824204        6799.03       0.824204        1.25116        1.24519
2.164       -1.59324        25389.7       0.822927        6777.19       0.822927        1.18092        1.07763
2.165       -1.59201        25350.8       0.822085           6764       0.822085        1.22319        1.21885
2.166       -1.58835        25234.6       0.818306         6701.9       0.818306        1.28246        1.20108
2.167       -1.58818        25229.3       0.818241        6703.16       0.818241        1.29682        1.60231
2.168       -1.58879        25248.2       0.821783        6757.65       0.821783        1.17603       0.914977
2.169       -1.58727        25199.9       0.818646        6707.25       0.818646        1.20749        1.11412
2.17       -1.58739        25203.3       0.820685        6739.73       0.820685        1.12536       0.934823
2.171       -1.58375        25088.8       0.814682        6644.24       0.814682        1.28411        1.45514
2.172       -1.58355        25082.3       0.816289        6669.31       0.816289        1.24715        1.25858
2.173       -1.58379        25089.3        0.81893        6710.78        0.81893        1.14522       0.903735
2.174       -1.58169        25023.1        0.81652        6671.94        0.81652        1.20145         1.0317
2.175       -1.57874        24930.6       0.811273        6588.94       0.811273        1.34574        1.49549
2.176       -1.57827        24915.5       0.812103        6601.21       0.812103        1.28051        1.22999
2.177       -1.57862        24926.3       0.813875        6629.04       0.813875        1.21843        1.07683
2.178       -1.57618        24849.5       0.810611        6576.81       0.810611        1.29454        1.23219
2.179       -1.57328        24758.5       0.807936        6534.12       0.807936        1.32179        1.31359
2.18       -1.57265        24738.6       0.807198        6522.83       0.807198        1.30617        1.41832
2.181       -1.57292        24746.7       0.808845        6548.51       0.808845        1.26433        1.29168
2.182       -1.57013        24659.5       0.802933        6456.83       0.802933         1.3513        1.91447
2.183       -1.56783        24587.5       0.801815        6439.21       0.801815        1.39488        2.08372
2.184        -1.5675        24576.8       0.803564        6463.45       0.803564        1.27176        1.28929
2.185       -1.56963        24643.6       0.807703        6529.11       0.807703        1.27269        1.09411
2.186       -1.56864        24612.1       0.807754        6529.47       0.807754        1.20926        1.00035
2.187       -1.56532        24508.5       0.802129        6440.38       0.802129        1.28218        1.26713
2.188       -1.56181        24399.1       0.798573        6384.96       0.798573        1.37249         1.6047
2.189       -1.56246        24418.9       0.801021        6422.59       0.801021        1.28479         1.2966
2.19       -1.56038        24353.9       0.797898        6373.45       0.797898        1.29426        1.45279
2.191       -1.55662        24237.2       0.791576        6275.89       0.791576        1.35082        2.00282
2.192       -1.55779        24273.6       0.796482        6351.65       0.796482        1.32589        1.61492
2.193        -1.5544        24168.9       0.790399        6258.24       0.790399        1.48858        2.26118
2.194       -1.55529        24195.4       0.794076        6313.13       0.794076        1.27676        1.53186
2.195       -1.55392        24153.1       0.790938        6264.24       0.790938        1.34172        1.67439
2.196       -1.55029        24040.9       0.781972        6132.44       0.781972        1.46636        3.63114
2.197       -1.55045        24045.4       0.790295         6252.7       0.790295        1.34199        1.42751
2.198       -1.55044        24044.7       0.790354        6253.26       0.790354         1.2867        1.36356
2.199       -1.54813        23973.5        0.78619        6189.84        0.78619        1.32362        1.78238
2.2       -1.54519        23882.8       0.780782         6106.8       0.780782        1.34407         2.1064
2.201       -1.54381        23840.9       0.781228        6115.66       0.781228        1.49474        2.51562
2.202        -1.5437        23837.2       0.782933        6141.46       0.782933        1.40951        2.21192
2.203       -1.54135        23764.2       0.780395        6098.99       0.780395        1.34316        1.75671
2.204       -1.54199        23784.3       0.783657        6149.01       0.783657        1.42829        1.58487
2.205       -1.53764          23651       0.773125        5990.78       0.773125        1.49296        2.47853
2.206       -1.53626        23608.4       0.774062        6005.01       0.774062        1.49421        2.69328
2.207       -1.53518        23574.8       0.773073        5991.67       0.773073        1.44763        2.96229
2.208       -1.53169          23469       0.756527        5761.54       0.756527        1.54998        5.75504
2.209       -1.53521        23575.5       0.779257         6080.9       0.779257        1.39211        1.66953
2.21       -1.53314        23512.3       0.773412        5993.92       0.773412        1.47167        2.39332
2.211       -1.53074          23439       0.772022        5972.42       0.772022        1.48944        2.38811
2.212       -1.52568        23284.7         0.7581        5765.69         0.7581        1.51339        3.19988
2.213       -1.52805        23356.4       0.765259        5870.78       0.765259        1.40956        2.59264
2.214       -1.52751        23340.1        0.76866        5920.38        0.76866        1.45324        2.40925
2.215       -1.52125        23149.6       0.754797        5716.86       0.754797        1.53793        3.74549
2.216       -1.52372        23224.7       0.762971        5834.71       0.762971        1.46363        2.54305
2.217       -1.51975        23104.8       0.755988        5735.76       0.755988        1.59593        3.66849
2.218       -1.51819        23056.3       0.755744        5724.58       0.755744        1.47483        2.63072
2.219       -1.52141        23154.3       0.762779        5832.14       0.762779        1.48942        2.67337
2.22       -1.51732        23030.4       0.751778        5670.47       0.751778        1.53182        3.16611
2.221       -1.51275        22892.1        0.74609        5588.02        0.74609        1.62392        4.17561
2.222        -1.5138        22923.3       0.750567        5650.81       0.750567        1.49172        3.44239
2.223       -1.50735        22729.4       0.737866        5465.41       0.737866        1.59269        3.43123
2.224       -1.51167        22859.2       0.744283        5562.05       0.744283        1.53411        4.46025
2.225       -1.50634        22699.2       0.738563        5487.05       0.738563        1.70505        5.87705
2.226       -1.50826        22756.7       0.744734        5561.99       0.744734        1.62756         3.0262
2.227       -1.50742        22731.7       0.745768        5578.54       0.745768        1.64324        3.07491
2.228       -1.50374        22620.2        0.74103        5509.15        0.74103        1.56872        3.50156
2.229       -1.49949        22493.2       0.728506        5331.59       0.728506        1.68324        4.78642
2.23        -1.5028          22592       0.739263        5482.94       0.739263        1.55508        3.37473
2.231       -1.49647        22402.7       0.721008        5234.28       0.721008        1.66055         6.3252
2.232       -1.49869        22468.3       0.734062         5406.3       0.734062        1.48361        3.24915
2.233         -1.498        22447.8       0.738279           5466       0.738279        1.50657        2.94433
2.234       -1.49671        22409.4         0.7345        5414.51         0.7345         1.5609        3.56785
2.235       -1.48907          22183       0.708571        5072.46       0.708571        1.91396         9.8399
2.236       -1.49002        22209.8       0.722704        5244.05       0.722704        1.59823         3.7145
2.237        -1.4885        22165.4       0.717417        5182.52       0.717417        1.78793        6.40979
2.238       -1.48665        22109.9       0.715386        5151.03       0.715386        1.71379        6.40703
2.239       -1.48091        21939.5       0.699673        4946.84       0.699673        1.69188         9.4663
2.24       -1.48325          22010       0.707023        5056.01       0.707023        1.92326        10.6082
2.241       -1.48353        22017.8       0.714867        5139.91       0.714867        1.83844        5.45463
2.242       -1.48203        21972.7        0.71288        5110.52        0.71288        1.69332         5.4557
2.243       -1.47292        21703.9       0.688796        4780.96       0.688796        1.74379          6.321
2.244       -1.47496        21763.3       0.699557        4923.11       0.699557        1.61049        5.50568
2.245        -1.4781        21856.3         0.7155        5140.43         0.7155        1.69718        3.98851
2.246       -1.46612        21505.9       0.667965        4539.26       0.667965        1.77724        9.14344
2.247       -1.47201        21676.5        0.70063        4935.58        0.70063        1.64596        4.76913
2.248       -1.47116        21652.6       0.700596        4942.73       0.700596        1.84007         6.2437
2.249       -1.46853        21576.1       0.690741        4826.78       0.690741        1.95736        9.61367
2.25       -1.46739        21540.7       0.691824         4819.3       0.691824         1.6057        5.94128
2.251       -1.46255        21399.5       0.683291        4704.49       0.683291         1.7519        6.88217
2.252       -1.46753          21545       0.704871        4987.66       0.704871        1.68757        3.64204
2.253       -1.46404        21443.5       0.691793        4823.53       0.691793        1.80818          7.029
2.254       -1.44815        20981.8       0.638695        4153.41       0.638695        1.78299        9.98519
2.255       -1.46001        21325.7       0.682339         4697.8       0.682339        1.80468        7.98426
2.256       -1.44907        21009.6       0.638365        4210.02       0.638365        2.14559        22.2783
2.257       -1.44474          20884       0.619496        3992.05       0.619496        2.02569        23.3246
2.258       -1.45461          21168       0.684361        4711.01       0.684361        1.73966        5.14029
2.259       -1.44419        20867.2       0.645245        4239.52       0.645245        1.96045        13.5953
2.26       -1.44596        20917.5        0.66136        4415.41        0.66136        1.77726        7.55269
2.261       -1.43031        20469.5       0.569599        3394.39       0.569599        2.12694        23.7428
2.262        -1.4405        20761.2       0.647005        4247.92       0.647005        1.94332        9.29815
2.263        -1.4309        20486.1       0.583377        3652.79       0.586473        1.85459         28.488
2.264       -1.43124        20496.2       0.605181         3821.7       0.605181        1.83916         18.378
2.265       -1.44113        20777.8       0.658575        4375.01       0.658575        1.73639        6.37541
2.266       -1.41999        20173.8       0.554561        3196.23       0.554561        1.77524        16.3719
2.267       -1.42771        20395.5       0.581071        3577.36       0.581071        1.80688        13.4735
2.268       -1.43408        20576.1       0.638785        4139.92       0.638785         1.9718        10.7568
2.269       -1.41904        20149.4       0.509681        3049.56        0.51242        1.98667        25.1909
2.27       -1.41578        20057.8       0.534292        3194.74       0.534512        2.37497        42.4494
2.271       -1.41857        20133.1       0.300904        3514.56       0.585257        1.74906        13.9008
2.272       -1.42812        20405.7       0.633382        4069.14       0.633382            1.9        9.57582
2.273       -1.41331        19985.4       0.584586        3506.76       0.584586        2.02429        15.8857
2.274       -1.41544        20048.2       0.588672        3587.36       0.588672         2.3377        16.5906
2.275       -1.41645          20075       0.606844        3765.47       0.606844        2.14197        13.2897
2.276        -1.4037        19715.5       0.530882         3049.1       0.532062        1.96951        32.6479
2.277       -1.40245        19682.1       0.514587        3014.66       0.514945        2.14536        41.8725
2.278       -1.40021        19615.9       0.524784        2887.35       0.524784        1.80579        19.2662
2.279       -1.40163        19658.3         0.5329        2999.39         0.5329          1.758        18.5598
2.28       -1.38115        19088.1       0.314688        1890.57       0.395333        2.00976        34.5107
2.281       -1.40051        19626.6       0.546363        3172.97       0.546363        2.14168        26.8437
2.282       -1.37064        18797.2       0.311935        1427.18       0.325763        1.88349        31.6421
2.283       -1.38869        19297.8        0.41406        2653.84       0.482291        1.67976        16.6452
2.284       -1.38878        19296.8       0.512521        2755.61       0.512521        1.71102        21.6526
2.285       -1.39035          19343        0.51227         2850.4        0.51227        2.15212        30.0029
2.286       -1.38044        19067.5       0.381783        2198.21       0.425368        1.75769        33.2324
2.287       -1.36459          18631       0.242371        1557.21       0.362682         1.7144        25.0401
2.288       -1.37501        18917.7        0.45241        2197.68        0.45241        1.94251        25.3972
2.289       -1.37687        18968.8       0.412495        2233.13       0.436318         1.9821        50.4462
2.29       -1.36325        18595.6       0.296446        1633.85       0.370431        1.81434        27.5847
2.291       -1.37891        19024.9       0.343405        2698.17       0.495905        1.77053        25.7217
2.292       -1.37383        18886.2       0.480589        2558.49       0.480934        1.77468        15.1939
2.293       -1.35832          18461       0.276864        1449.88       0.338848        1.84603        31.6497
2.294       -1.36004        18507.2       0.243561        1495.92       0.354115        1.72616        28.7772
2.295       -1.35884        18476.8       0.354724         1834.5       0.389398        1.96472        34.7181
2.296       -1.35827        18461.4        0.30793        1877.84       0.400245        2.16406        28.5109
2.297        -1.3589        18477.8       0.260234        1771.29       0.376505        1.96949         37.837
2.298       -1.35783        18451.2       0.356391         1855.6       0.379703        2.42678        57.4872
2.299       -1.35178        18284.3       0.116612        1608.71       0.356335          1.819        28.1714
2.3       -1.34412        18075.5      0.0939265        1023.36       0.280286        1.57739        27.0767
2.301       -1.33774        17905.1        0.14064        734.353       0.218203        1.58627        34.8728
2.302       -1.34566        18119.2       0.282492        1442.34       0.330626         1.9842         53.693
2.303       -1.33936        17950.7       0.208136        1156.12       0.270978        1.86385        35.2494
2.304       -1.33606        17861.4      0.0889312        1116.14       0.280486        1.87369        46.0183
2.305       -1.34098        17991.8       0.184366        1315.93       0.326445        1.69192        31.9355
2.306       -1.32776        17637.8      -0.121188        619.908       0.204264        1.49426        28.9717
2.307       -1.34307        18049.5      0.0154899         1737.8       0.387453        2.08094        42.7778
2.308       -1.32091          17456     -0.0116894        443.895       0.175763         1.4675         23.459
2.309       -1.33075        17717.9       0.244405        1041.18       0.279565        1.60595         31.265
2.31       -1.32977        17691.8       0.104268        1158.87       0.308745        1.60186        28.8307
2.311       -1.31914        17409.3      0.0384616        573.142       0.195072        1.48012        34.4642
2.312       -1.32114        17462.2       0.174279        834.316       0.256317         1.4923        29.8788
2.313       -1.32266          17504       0.249409         991.75        0.27363        1.77012        42.2284
2.314       -1.31914        17409.6       0.205324        757.898       0.241474        1.52544        23.3821
2.315       -1.31999        17432.8       0.112886        902.234       0.261531        1.52253        19.5925
2.316       -1.31333        17256.4     -0.0198596        553.656         0.1974        1.46537        29.7336
2.317       -1.31571        17320.5      -0.194706        1002.39       0.270133           1.65        40.1429
2.318       -1.30655        17078.7       0.130023        442.297       0.180859        1.46619        17.3525
2.319       -1.31912        17410.4        0.24866        1103.49       0.277475        1.53676        31.2477
2.32        -1.3124        17233.7    0.000867176        732.592       0.218397        1.69696          39.09
2.321       -1.30684        17087.2       0.129574        741.531       0.228445        1.58305        31.4768
2.322       -1.30916        17149.6       0.136062        857.296       0.248221         1.9542        41.9891
2.323        -1.3058        17060.6      -0.109185        716.834       0.214733        1.49181        27.0753
2.324       -1.29892        16879.9      0.0681373        395.916       0.148052        1.46398        29.5486
2.325       -1.30266        16977.9     -0.0626059        695.623       0.219322        1.59346        33.2121
2.326       -1.29941        16892.2      0.0371185        561.879       0.197589        1.36186        23.0999
2.327       -1.29967        16899.3     -0.0824551        828.066       0.247262        1.39535        24.7009
2.328       -1.29439        16762.3      0.0937186        292.231       0.138633        1.40895        14.8247
2.329       -1.29505        16779.8      0.0449915        515.415       0.181285        1.46131        21.3129
2.33       -1.29614        16808.1     -0.0166019        622.174       0.213297        1.48757        23.7338
2.331       -1.29929        16891.8     -0.0926235        903.404       0.243146        1.49207        28.8812
2.332       -1.28989          16646     -0.0411583        494.979       0.181305        1.40221        27.8322
2.333       -1.28976        16643.5      0.0767165        507.171       0.183334        1.52373        22.7209
2.334        -1.2874        16581.1      0.0691897        446.424       0.169684        1.28759        25.6313
2.335       -1.28602        16545.9       0.111923        445.682       0.176489        1.38252        16.7469
2.336       -1.29036        16659.2     -0.0521067        582.819       0.201624        1.56486        25.6687
2.337       -1.29161        16691.9      0.0169086        772.986       0.238037        1.60677        27.5276
2.338       -1.27838        16349.5      0.0833429        284.816       0.138447        1.25848        15.7842
2.339       -1.28187        16439.9      0.0475947        531.888       0.201602        1.42543        17.8418
2.34       -1.28406        16496.4      0.0300642        697.106       0.224461        1.44153        22.1592
2.341       -1.27552        16277.2     -0.0781774        322.847       0.145069        1.36662        18.7736
2.342       -1.27824        16346.4     -0.0254317        459.416       0.180562        1.36532        23.9415
2.343       -1.27549        16276.2      0.0494965        473.411       0.178872        1.29027        14.4065
2.344       -1.27508        16265.7     -0.0202343        436.619       0.175092        1.34641         21.527
2.345       -1.27209        16189.2     -0.0481391          311.3        0.14419        1.25541        16.4236
2.346       -1.26984        16132.8     -0.0717215        326.871       0.141855        1.42716        19.8061
2.347       -1.27122        16167.6       0.065792        350.078       0.149582        1.37292        20.7853
2.348       -1.26475          16003     -0.0694014        279.761       0.131955        1.28337        19.0018
2.349       -1.26928        16118.1      0.0858688        465.738        0.18249        1.34662        22.6357
2.35       -1.26625        16041.4      0.0236219        390.959       0.161934        1.34134        21.1915
2.351       -1.26364        15975.4      0.0315149         417.28       0.174371        1.34449        17.1841
2.352       -1.26274          15952      0.0252054        183.757       0.113266        1.23921        9.86101
2.353       -1.25884        15854.1      0.0238311        220.276        0.11362        1.33002        14.6266
2.354       -1.25863        15848.4      0.0147497        237.354       0.125569         1.2519        13.9833
2.355       -1.25878        15853.1      0.0308259        354.006       0.144008        1.33422        16.5249
2.356       -1.25499        15757.1      0.0281721        187.268       0.112831        1.25612        10.2433
2.357       -1.26115        15912.5      0.0583382        534.924       0.197569        1.34106        25.5505
2.358       -1.25488        15754.2     -0.0465383        204.776       0.113104         1.2433        13.7367
2.359       -1.25365        15723.8     -0.0172909        273.813       0.129094         1.3048        18.4462
2.36       -1.25559        15773.3     -0.0643848        362.684        0.15008        1.49374        20.7018
2.361       -1.24974        15625.6      0.0426458        225.042        0.11393        1.24644        12.8009
2.362       -1.24939          15617      -0.110147        387.566       0.161679        1.21779        18.3674
2.363       -1.24786        15578.4   -0.000560728          244.3       0.125259        1.23799        13.9499
2.364       -1.24661        15547.5      0.0192277        235.148       0.126058        1.26688        13.0607
2.365       -1.24614        15536.7     -0.0746983        322.545       0.144567        1.41326        17.8012
2.366       -1.24572        15525.2    -0.00774429        271.844       0.132845        1.20848          13.33
2.367       -1.24239        15442.2      0.0197938        164.842       0.104389        1.22948         9.6243
2.368        -1.2402        15387.6     -0.0616052         287.69       0.143088        1.18056        14.2179
2.369       -1.23916        15361.9     -0.0306622        160.359       0.101573        1.18092        8.78957
2.37       -1.24199        15431.9       0.016434        335.662       0.150161        1.10217        17.9431
2.371       -1.23983        15379.3      0.0139672        321.659       0.143378        1.31911        16.7814
2.372       -1.23829        15340.8      0.0834491        368.191       0.154817        1.28458        22.2489
2.373       -1.23462        15249.7     -0.0169793        224.274       0.123422        1.23477        12.2823
2.374       -1.23415        15238.2     -0.0252282        260.758        0.13339         1.2161         13.911
2.375       -1.23092        15158.4   -0.000289114        188.834       0.107293        1.16316        12.1805
2.376       -1.23371        15227.4      0.0111159        238.973       0.125447        1.21747         13.529
2.377       -1.23148        15172.4     -0.0031848        252.929       0.129159        1.24154        13.2962
2.378       -1.22969        15128.5      0.0287769        201.236       0.110491        1.26606        12.2947
2.379       -1.22929        15118.1      0.0313939        218.127       0.118339        1.16541        13.1799
2.38       -1.22638          15047      0.0474664        216.179       0.122813        1.21052        11.2724
2.381       -1.22743        15072.4    -0.00108797        171.993       0.106945        1.15515         9.8279
2.382       -1.22384        14984.1    -0.00114256        197.305        0.11172        1.10815        12.0791
2.383       -1.22582        15033.3     0.00311382        193.181       0.112947        1.22092        10.7041
2.384       -1.22392        14986.5     -0.0224608        208.015       0.115695         1.1472        11.4074
2.385       -1.22047        14901.8    -0.00465197         172.82       0.107457        1.09657        9.46337
2.386       -1.21925        14872.5     -0.0211465        201.998       0.116768        1.16336        11.3382
2.387        -1.2183        14849.4      0.0499237        223.757       0.115525        1.19138        13.6971
2.388       -1.21673        14810.7     0.00933249        190.447       0.114075        1.10744        10.5285
2.389       -1.21782        14837.5      0.0268845         193.42       0.114534         1.1747        10.5768
2.39       -1.21409        14746.7     -0.0364264        159.787      0.0983044        1.15606         10.741
2.391       -1.21646        14804.1    -0.00176147        161.656       0.100162        1.10749        10.2956
2.392       -1.21621        14798.6     -0.0208206         182.62       0.104398        1.21741        12.0851
2.393       -1.21268        14712.6      0.0378577        185.346       0.109418        1.13954        10.7412
2.394       -1.21083        14667.7     -0.0348414        193.781       0.114378        1.15415        10.9335
2.395       -1.20924        14629.6     -0.0168297         190.37       0.111056        1.19642        11.4856
2.396       -1.20861          14614    -0.00801219        174.337       0.103941        1.15556        11.3232
2.397       -1.20741          14585     -0.0031759        122.372      0.0911571        1.15596         6.6181
2.398       -1.20792        14596.9      0.0306612        241.374       0.128041        1.08901        12.6391
2.399       -1.20496          14526     0.00663046        162.011         0.1028        1.16162        9.72586
2.4       -1.20507        14528.2     0.00528157        143.632      0.0992058         1.0776        7.76737
2.401       -1.20251        14466.3     -0.0158386        169.846       0.107537        1.04247        9.26382
2.402       -1.20293          14477     -0.0597177        171.426       0.107678        1.13373        8.88616
2.403       -1.20072        14423.6      0.0173373        117.146      0.0876685        1.09755        6.76958
2.404       -1.19864        14373.8    -0.00105754        133.371      0.0937543        1.08299        7.65575
2.405       -1.19841        14368.3     0.00449869         125.09      0.0909788         1.1018        7.12899
2.406        -1.1972        14339.1   -0.000836838        178.231       0.108651        1.07296        9.56246
2.407       -1.19577        14305.1     0.00572363        133.423      0.0921478        1.09549          8.213
2.408       -1.19652        14323.1     -0.0500311        194.123       0.113167        1.11935        10.7302
2.409       -1.19367        14254.9    -0.00117702        113.144      0.0848344         1.1087        7.04891
2.41       -1.19245        14225.6      0.0109581        149.523      0.0971962        1.07088        8.81842
2.411       -1.19162          14206      0.0135956        123.791      0.0853204        1.10123        8.16497
2.412       -1.19097        14190.6      0.0145219        121.547      0.0882654         1.1122        7.36325
2.413       -1.18655        14084.8    -0.00065739        117.588      0.0886343       0.990633        6.44909
2.414        -1.1874        14105.3    -0.00731751        133.605        0.09451        1.04718        7.42417
2.415       -1.18737        14104.6     -0.0279638        86.2035      0.0732067        1.05786        5.19487
2.416       -1.18805        14120.8   -0.000498248        126.355      0.0889383        1.04936        7.61802
2.417       -1.18333          14009      0.0177495        114.787      0.0827624        1.07744        7.38013
2.418       -1.18221        13982.6     0.00316933        96.2616      0.0786482        1.06605         5.7147
2.419       -1.18271        13994.1     0.00408202        132.538      0.0926995        1.04714        7.47747
2.42       -1.18137        13962.7    0.000205149        117.103      0.0874838        1.04563        6.55303
2.421       -1.18111        13956.5     0.00231518        151.235      0.0975978        1.05541        9.41436
2.422       -1.17925        13912.5      0.0261452        128.868      0.0915066        1.04138        7.37325
2.423       -1.18049        13941.8      0.0298765        120.938      0.0886368        1.04318        7.01148
2.424       -1.17761        13873.8     0.00186609        107.807      0.0828354        1.05104        6.57703
2.425       -1.17812          13886     -0.0139862        136.498      0.0934591        1.07286        8.01586
2.426        -1.1743          13796      0.0156365        105.762      0.0821996         1.0554        6.17381
2.427       -1.17489        13809.9    -0.00222669        99.2713      0.0804594         1.0326        5.78978
2.428       -1.17499        13812.2     -0.0219176        133.146      0.0945682        1.05181        6.80924
2.429       -1.17208        13744.1      0.0172619        149.166      0.0973646        1.07245        9.13338
2.43       -1.17214        13745.8     -0.0035645        115.215      0.0826031        1.10921        7.64464
2.431       -1.17053        13707.5    -0.00194497        91.6069      0.0749581        1.00534        5.98576
2.432       -1.16854        13660.8      0.0103399        109.044      0.0850227       0.997515         5.7438
2.433       -1.16774          13642    -0.00316024        141.245      0.0959365       0.973971        8.20311
2.434       -1.16734        13632.9      0.0205393        119.102      0.0859739         1.0257        7.58449
2.435       -1.16641        13611.4     -0.0144701        98.3408      0.0788114         1.0526        6.05878
2.436       -1.16627        13607.7     -0.0272364        92.6197      0.0770774       0.974201        5.56133
2.437       -1.16635        13609.4       0.025523        93.7279      0.0791963       0.970255        4.98136
2.438       -1.16384          13551       0.003312        102.807      0.0792195       0.968973        6.57019
2.439       -1.16218          13513     -0.0061881        94.8466      0.0779612        1.04559        5.65765
2.44       -1.16175        13502.7     0.00806692        108.403       0.081374        1.00951        6.88247
2.441       -1.16068        13477.7      -0.012698        109.233      0.0847925       0.984136        6.15808
2.442       -1.15974          13456     -0.0155797        101.089      0.0809062        1.00019        5.85141
2.443       -1.15849        13427.1     -0.0108259        89.2842      0.0756623        1.02091        5.35193
2.444       -1.15749        13403.8    4.13933e-05         112.95      0.0841866        0.97996        6.94098
2.445       -1.15795        13414.3     -0.0202993        100.908      0.0808086       0.989314        5.81554
2.446       -1.15561        13360.2      0.0188269        86.5185      0.0744429       0.974262        5.03596
2.447       -1.15525        13351.7      0.0132135        92.9743      0.0785171       0.961424        5.12135
2.448       -1.15373        13317.1     0.00219071        93.1215      0.0790386        1.00823        5.02138
2.449       -1.15179        13272.1      0.0233174        91.0622      0.0765495       0.990387        5.29419
2.45       -1.15181        13272.4       0.032084        86.9505      0.0742191       0.953222        5.27705
2.451       -1.14889        13205.5     0.00932081        70.9245      0.0680077       0.991655        3.91548
2.452       -1.14878        13202.7    -0.00557557        62.3509      0.0630574       0.931249         3.6994
2.453       -1.14753          13174    -0.00719541        76.3175      0.0713859       0.934559         4.1723
2.454       -1.14817        13188.9     -0.0060598        101.865      0.0819174       0.990912        5.62374
2.455       -1.14493        13114.5      0.0026635        82.9929      0.0709792       0.965779        5.35452
2.456       -1.14662        13153.5     0.00557686        87.8794      0.0753582         1.0088        5.07827
2.457       -1.14453        13105.4     -0.0109797        77.1857      0.0721742       0.956243        4.09784
2.458        -1.1443        13100.4    -0.00796871        78.2233      0.0699936        1.00016        4.76611
2.459       -1.14226        13053.4     -0.0116723        110.625       0.085594        0.94375        6.11544
2.46       -1.14283        13066.2      0.0111696        78.0409      0.0707189       0.921479         4.5299
2.461       -1.14167        13039.9     0.00276178        73.5918      0.0691144       0.960284        4.11689
2.462       -1.14065        13016.6       0.012962        78.2214      0.0708137       0.943495        4.59617
2.463       -1.13836        12964.5     0.00463217        71.9941      0.0685101       0.966154         3.9099
2.464       -1.13789        12953.4    -0.00508694        83.6202      0.0750894       0.912306        4.43012
2.465       -1.13745        12943.7      0.0113072        79.0034      0.0715931       0.953636         4.4196
2.466        -1.1368        12928.5       -0.03091        86.3986      0.0744411       0.898331        4.83183
2.467       -1.13823        12961.6     -0.0109365        88.1526      0.0753925       0.978014        4.99697
2.468       -1.13458        12878.2    -0.00225593         79.298      0.0698477       0.909604        4.91445
2.469       -1.13416        12868.9     -0.0138792        82.7426       0.074322       0.924175        4.46139
2.47       -1.13258          12833    0.000843162        71.2336      0.0671096       0.930954        4.24021
2.471       -1.13211        12822.3   -0.000641964        67.5542      0.0652064       0.917587         4.0495
2.472        -1.1309        12794.9     0.00784814        92.9171      0.0783957       0.894674        4.99445
2.473       -1.13047        12785.4    0.000522159        73.9355       0.068816       0.939879          4.264
2.474       -1.13068        12789.9      0.0127905        90.1987       0.076135       0.909191        5.18972
2.475       -1.12793        12727.9     -0.0145365        67.2974      0.0648032       0.914956        4.12005
2.476       -1.12731        12713.9    -0.00450513        64.3055      0.0649493       0.903783        3.59674
2.477       -1.12677        12701.9       0.004475        78.9197      0.0719656       0.935504        4.39584
2.478       -1.12435        12647.1     0.00096813        67.1081      0.0655838       0.866711         3.8674
2.479       -1.12374        12633.5     -0.0081654         61.875      0.0626252       0.882671        3.48603
2.48       -1.12492        12659.9    -0.00703124        63.5819      0.0639586       0.896643        3.56317
2.481       -1.12119          12576    -0.00621004        69.9529      0.0658351       0.862922        4.24085
2.482       -1.12149        12583.2    -0.00633349        71.8833      0.0662077       0.953861        4.47261
2.483       -1.12154        12584.4      0.0107335        85.5964      0.0759199        0.93879        4.44251
2.484       -1.12016        12553.2      0.0156942        62.7763      0.0640736       0.888557        3.36501
2.485       -1.11808        12506.3     0.00949338        66.0299      0.0640002       0.862591        4.04037
2.486       -1.11902        12527.7     0.00014336        70.6578      0.0677742       0.892876        3.91794
2.487       -1.11664        12474.2    -0.00221534        72.1425       0.068897       0.857351        3.86685
2.488       -1.11601        12460.3    -0.00148015        75.8627      0.0692025        0.89655        4.41092
2.489       -1.11522        12442.8     0.00457577        58.3626      0.0610969       0.895677        3.34333
2.49       -1.11498          12437     -0.0088334          72.54      0.0670036       0.841553        4.38057
2.491       -1.11474        12431.8     0.00847801        70.4646      0.0675153       0.860344        3.96299
2.492       -1.11374        12409.6     0.00438093        68.3091      0.0670321       0.885909        3.75003
2.493       -1.11138        12357.2     -0.0132067        58.2737      0.0614569       0.875366        3.29475
2.494         -1.111        12348.5    -0.00799981        73.0227      0.0674833       0.848004        4.34728
2.495       -1.11057        12338.9    -0.00255315        60.4988      0.0626848       0.854591        3.38546
2.496       -1.10861        12295.4    -0.00621707        69.5734      0.0667484       0.846449        3.92764
2.497       -1.10831        12289.2      0.0078619        65.7689      0.0655262       0.900499         3.5966
2.498       -1.10838        12290.6     -0.0168202        70.8628      0.0690837       0.876104        3.68706
